12
12
-2.2290
-0.5614
-1.1026
0.1412
-2.2204
-1.8723
1.2763
-1.2363
-0.6479
-2.7163
-2.7868
-0.3315
-0.5614
-3.8830
1.0175
-0.5232
-1.1804
2.4478
-0.1954
0.2967
-1.2948
1.4044
-0.3654
-3.1961
-1.1026
1.0175
0.0440
0.3328
1.3394
1.0264
-0.8625
-2.1125
-0.3311
4.6731
-0.0789
-0.0311
0.1412
-0.5232
0.3328
-0.5953
0.6140
-0.0511
-1.1124
1.0940
1.4173
1.4658
-0.5187
1.7694
-2.2204
-1.1804
1.3394
0.6140
1.0548
0.8813
-1.5534
-0.7828
-0.2741
-0.6083
2.1315
-0.1500
-1.8723
2.4478
1.0264
-0.0511
0.8813
0.3612
-1.6091
0.3312
0.1401
-0.7119
1.3640
-0.2427
1.2763
-0.1954
-0.8625
-1.1124
-1.5534
-1.6091
0.3230
-1.0056
2.6327
1.2846
1.9067
0.5798
-1.2363
0.2967
-2.1125
1.0940
-0.7828
0.3312
-1.0056
1.2103
-1.2351
-1.7414
-4.1331
-0.8048
-0.6479
-1.2948
-0.3311
1.4173
-0.2741
0.1401
2.6327
-1.2351
-0.3850
0.3781
0.3713
-2.9468
-2.7163
1.4044
4.6731
1.4658
-0.6083
-0.7119
1.2846
-1.7414
0.3781
1.4237
0.5431
1.5805
-2.7868
-0.3654
-0.0789
-0.5187
2.1315
1.3640
1.9067
-4.1331
0.3713
0.5431
-3.7581
-1.0506
-0.3315
-3.1961
-0.0311
1.7694
-0.1500
-0.2427
0.5798
-0.8048
-2.9468
1.5805
-1.0506
1.7951
